2   1   0   0   0   0   0   0   0   0   0    4
1   2   1   0   0   0   0   0   0   0   0    8
0   1   2   1   0   0   0   0   0   0   0    12
0   0   1   2   1   0   0   0   0   0   0    16
0   0   0   1   2   1   0   0   0   0   0    20
0   0   0   0   1   2   1   0   0   0   0    24
0   0   0   0   0   1   2   1   0   0   0    28
0   0   0   0   0   0   1   2   1   0   0    32
0   0   0   0   0   0   0   1   2   1   0    36
0   0   0   0   0   0   0   0   1   2   1    40
0   0   0   0   0   0   0   0   0   1   2    44